2587.5500
2587.3730
2587.1960
2587.0190
2586.8420
2586.6650
2586.4880
2586.3110
2586.1340
2585.9570
2585.7800
2585.6030
2585.4260
2585.2490
2585.0720
2584.8950
2584.7180
2584.5410
2584.3640
2584.1870
2584.0100
2583.8330
2583.6560
2583.4790
2583.3020
2583.1250
2582.9480
2582.7710
2582.5940
2582.4170
2582.2400
2582.0630
2581.8860
2581.7090
2581.5320
2581.3550
2581.1780
2581.0010
2580.8240
2580.6470
2580.4700
2580.2930
2580.1160
2579.9390
2579.7620
2579.5850
2579.4080
2579.2310
2579.0540
2578.8770
2578.7000
2578.5230
2578.3460
2578.1690
2577.9920
2577.8150
2577.6380
2577.4610
2577.2840
2577.1070
2576.9300
2576.7530
2576.5760
2576.3990
2576.2220
2576.0450
2575.8680
2575.6910
2575.5140
2575.3370
2575.1600
2574.9830
2574.8060
2574.6290
2574.4520
2574.2750
2574.0980
2573.9210
2573.7440
2573.5670
2573.3900
2573.2130
2573.0360
2572.8590
2572.6820
2572.5050
2572.3280
2572.1510
2571.9740
2571.7970
2571.6200
2571.4430
2571.2660
2571.0890
2570.9120
2570.7350
2570.5580
2570.3810
2570.2040
2570.0270
2569.8500
2569.6730
2569.4960
2569.3190
2569.1420
2568.9650
2568.7880
2568.6110
2568.4340
2568.2570
2568.0800
2567.9030
2567.7260
2567.5490
2567.3720
2567.1950
2567.0180
2566.8410
2566.6640
2566.4870
2566.3100
2566.1330
2565.9560
2565.7790
2565.6020
2565.4250
2565.2480
2565.0710
2564.8940
2564.7170
2564.5400
2564.3630
2564.1860
2564.0090
2563.8320
2563.6550
2563.4780
2563.3010
2563.1240
2562.9470
2562.7700
2562.5930
2562.4160
2562.2390
2562.0620
2561.8850
2561.7080
2561.5310
2561.3540
2561.1770
2561.0000
2560.8230
2560.6460
2560.4690
2560.2920
2560.1150
2559.9380
2559.7610
2559.5840
2559.4070
2559.2300
2559.0530
2558.8760
2558.6990
2558.5220
2558.3450
2558.1680
2557.9910
2557.8140
2557.6370
2557.4600
2557.2830
2557.1060
2556.9290
2556.7520
2556.5750
2556.3980
2556.2210
2556.0440
2555.8670
2555.6900
2555.5130
2555.3360
2555.1590
2554.9820
2554.8050
2554.6280
2554.4510
2554.2740
2554.0970
2553.9200
2553.7430
2553.5660
2553.3890
2553.2120
2553.0350
2552.8580
2552.6810
2552.5040
2552.3270
2552.1500
2551.9730
2551.7960
2551.6190
2551.4420
2551.2650
2551.0880
2550.9110
2550.7340
2550.5570
2550.3800
2550.2030
2550.0260
2549.8490
2549.6720
2549.4950
2549.3180
2549.1410
2548.9640
2548.7870
2548.6100
2548.4330
2548.2560
2548.0790
2547.9020
2547.7250
2547.5480
2547.3710
2547.1940
2547.0170
2546.8400
2546.6630
2546.4860
2546.3090
2546.1320
2545.9550
2545.7780
2545.6010
2545.4240
2545.2470
2545.0700
2544.8930
2544.7160
2544.5390
2544.3620
2544.1850
2544.0080
2543.8310
2543.6540
2543.4770
2543.3000
2543.1230
2542.9460
2542.7690
2542.5920
2542.4150
2542.2380
2542.0610
2541.8840
2541.7070
2541.5300
2541.3530
2541.1760
2540.9990
2540.8220
2540.6450
2540.4680
2540.2910
2540.1140
2539.9370
2539.7600
2539.5830
2539.4060
2539.2290
2539.0520
2538.8750
2538.6980
2538.5210
2538.3440
2538.1670
2537.9900
2537.8130
2537.6360
2537.4590
2537.2820
2537.1050
2536.9280
2536.7510
2536.5740
2536.3970
2536.2200
2536.0430
2535.8660
2535.6890
2535.5120
2535.3350
2535.1580
2534.9810
2534.8040
2534.6270
2534.4500
