2589.9050
2589.7100
2589.5150
2589.3200
2589.1250
2588.9300
2588.7350
2588.5400
2588.3450
2588.1500
2587.9550
2587.7600
2587.5650
2587.3700
2587.1750
2586.9800
2586.7850
2586.5900
2586.3950
2586.2000
2586.0050
2585.8100
2585.6150
2585.4200
2585.2250
2585.0300
2584.8350
2584.6400
2584.4450
2584.2500
2584.0550
2583.8600
2583.6650
2583.4700
2583.2750
2583.0800
2582.8850
2582.6900
2582.4950
2582.3000
2582.1050
2581.9100
2581.7150
2581.5200
2581.3250
2581.1300
2580.9350
2580.7400
2580.5450
2580.3500
2580.1550
2579.9600
2579.7650
2579.5700
2579.3750
2579.1800
2578.9850
2578.7900
2578.5950
2578.4000
2578.2050
2578.0100
2577.8150
2577.6200
2577.4250
2577.2300
2577.0350
2576.8400
2576.6450
2576.4500
2576.2550
2576.0600
2575.8650
2575.6700
2575.4750
2575.2800
2575.0850
2574.8900
2574.6950
2574.5000
2574.3050
2574.1100
2573.9150
2573.7200
2573.5250
2573.3300
2573.1350
2572.9400
2572.7450
2572.5500
2572.3550
2572.1600
2571.9650
2571.7700
2571.5750
2571.3800
2571.1850
2570.9900
2570.7950
2570.6000
2570.4050
2570.2100
2570.0150
2569.8200
2569.6250
2569.4300
2569.2350
2569.0400
2568.8450
2568.6500
2568.4550
2568.2600
2568.0650
2567.8700
2567.6750
2567.4800
2567.2850
2567.0900
2566.8950
2566.7000
2566.5050
2566.3100
2566.1150
2565.9200
2565.7250
2565.5300
2565.3350
2565.1400
2564.9450
2564.7500
2564.5550
2564.3600
2564.1650
2563.9700
2563.7750
2563.5800
2563.3850
2563.1900
2562.9950
2562.8000
2562.6050
2562.4100
2562.2150
2562.0200
2561.8250
2561.6300
2561.4350
2561.2400
2561.0450
2560.8500
2560.6550
2560.4600
2560.2650
2560.0700
2559.8750
2559.6800
2559.4850
2559.2900
2559.0950
2558.9000
2558.7050
2558.5100
2558.3150
2558.1200
2557.9250
2557.7300
2557.5350
2557.3400
2557.1450
2556.9500
2556.7550
2556.5600
2556.3650
2556.1700
2555.9750
2555.7800
2555.5850
2555.3900
2555.1950
2555.0000
2554.8050
2554.6100
2554.4150
2554.2200
2554.0250
2553.8300
2553.6350
2553.4400
2553.2450
2553.0500
2552.8550
2552.6600
2552.4650
2552.2700
2552.0750
2551.8800
2551.6850
2551.4900
2551.2950
2551.1000
2550.9050
2550.7100
2550.5150
2550.3200
2550.1250
2549.9300
2549.7350
2549.5400
2549.3450
2549.1500
2548.9550
2548.7600
2548.5650
2548.3700
2548.1750
2547.9800
2547.7850
2547.5900
2547.3950
2547.2000
2547.0050
2546.8100
2546.6150
2546.4200
2546.2250
2546.0300
2545.8350
2545.6400
2545.4450
2545.2500
2545.0550
2544.8600
2544.6650
2544.4700
2544.2750
2544.0800
2543.8850
2543.6900
2543.4950
2543.3000
2543.1050
2542.9100
2542.7150
2542.5200
2542.3250
2542.1300
2541.9350
2541.7400
2541.5450
2541.3500
2541.1550
2540.9600
2540.7650
2540.5700
2540.3750
2540.1800
2539.9850
2539.7900
2539.5950
2539.4000
2539.2050
2539.0100
2538.8150
2538.6200
2538.4250
2538.2300
2538.0350
2537.8400
2537.6450
2537.4500
2537.2550
2537.0600
2536.8650
2536.6700
2536.4750
2536.2800
2536.0850
2535.8900
2535.6950
2535.5000
2535.3050
2535.1100
2534.9150
2534.7200
2534.5250
2534.3300
2534.1350
2533.9400
2533.7450
2533.5500
2533.3550
2533.1600
2532.9650
2532.7700
2532.5750
2532.3800
2532.1850
2531.9900
2531.7950
2531.6000
