2613.0200
2612.6898
2612.3596
2612.0294
2611.6992
2611.3690
2611.0388
2610.7086
2610.3784
2610.0482
2609.7180
2609.3878
2609.0576
2608.7274
2608.3972
2608.0670
2607.7368
2607.4066
2607.0764
2606.7462
2606.4160
2606.0858
2605.7556
2605.4254
2605.0952
2604.7650
2604.4348
2604.1046
2603.7744
2603.4442
2603.1140
2602.7838
2602.4536
2602.1234
2601.7932
2601.4630
2601.1328
2600.8026
2600.4724
2600.1422
2599.8120
2599.4818
2599.1516
2598.8214
2598.4912
2598.1610
2597.8308
2597.5006
2597.1704
2596.8402
2596.5100
2596.1798
2595.8496
2595.5194
2595.1892
2594.8590
2594.5288
2594.1986
2593.8684
2593.5382
2593.2080
2592.8778
2592.5476
2592.2174
2591.8872
2591.5570
2591.2268
2590.8966
2590.5664
2590.2362
2589.9060
2589.5758
2589.2456
2588.9154
2588.5852
2588.2550
2587.9248
2587.5946
2587.2644
2586.9342
2586.6040
2586.2738
2585.9436
2585.6134
2585.2832
2584.9530
2584.6228
2584.2926
2583.9624
2583.6322
2583.3020
2582.9718
2582.6416
2582.3114
2581.9812
2581.6510
2581.3208
2580.9906
2580.6604
2580.3302
2580.0000
2579.6698
2579.3396
2579.0094
2578.6792
2578.3490
2578.0188
2577.6886
2577.3584
2577.0282
2576.6980
2576.3678
2576.0376
2575.7074
2575.3772
2575.0470
2574.7168
2574.3866
2574.0564
2573.7262
2573.3960
2573.0658
2572.7356
2572.4054
2572.0752
2571.7450
2571.4148
2571.0846
2570.7544
2570.4242
2570.0940
2569.7638
2569.4336
2569.1034
2568.7732
2568.4430
2568.1128
2567.7826
2567.4524
2567.1222
2566.7920
2566.4618
2566.1316
2565.8014
2565.4712
2565.1410
2564.8108
2564.4806
2564.1504
2563.8202
2563.4900
2563.1598
2562.8296
2562.4994
2562.1692
2561.8390
2561.5088
2561.1786
2560.8484
2560.5182
2560.1880
2559.8578
2559.5276
2559.1974
2558.8672
2558.5370
2558.2068
2557.8766
2557.5464
2557.2162
2556.8860
2556.5558
2556.2256
2555.8954
2555.5652
2555.2350
2554.9048
2554.5746
2554.2444
2553.9142
2553.5840
2553.2538
2552.9236
2552.5934
2552.2632
2551.9330
2551.6028
2551.2726
2550.9424
2550.6122
2550.2820
2549.9518
2549.6216
2549.2914
2548.9612
2548.6310
2548.3008
2547.9706
2547.6404
2547.3102
2546.9800
2546.6498
2546.3196
2545.9894
2545.6592
2545.3290
2544.9988
2544.6686
2544.3384
2544.0082
2543.6780
2543.3478
2543.0176
2542.6874
2542.3572
2542.0270
2541.6968
2541.3666
2541.0364
2540.7062
2540.3760
2540.0458
2539.7156
2539.3854
2539.0552
2538.7250
2538.3948
2538.0646
2537.7344
2537.4042
2537.0740
2536.7438
2536.4136
2536.0834
2535.7532
2535.4230
2535.0928
2534.7626
2534.4324
2534.1022
2533.7720
2533.4418
2533.1116
2532.7814
2532.4512
2532.1210
2531.7908
2531.4606
2531.1304
2530.8002
2530.4700
2530.1398
2529.8096
2529.4794
2529.1492
2528.8190
2528.4888
2528.1586
2527.8284
2527.4982
2527.1680
2526.8378
2526.5076
2526.1774
2525.8472
2525.5170
2525.1868
2524.8566
2524.5264
2524.1962
2523.8660
2523.5358
2523.2056
2522.8754
2522.5452
2522.2150
2521.8848
2521.5546
2521.2244
2520.8942
2520.5640
2520.2338
2519.9036
2519.5734
2519.2432
2518.9130
2518.5828
2518.2526
2517.9224
2517.5922
2517.2620
2516.9318
2516.6016
2516.2714
2515.9412
2515.6110
2515.2808
2514.9506
2514.6204
2514.2902
2513.9600
